#
#
#  Percent Identity  Matrix - created by Clustal2.1 
#
#

     1: Actinobacteria_bacterium        100.00   90.42   79.63   76.48   76.48   76.29   76.44   75.94   76.51   76.42   76.37   76.30   76.51   76.83   76.02   77.23   76.22   76.22   76.64   77.08
     2: Streptoalloteichus_hindustanus   90.42  100.00   78.41   76.45   76.87   76.22   76.39   76.13   76.28   76.46   76.34   76.34   76.26   76.74   75.93   76.96   75.86   75.72   76.26   76.87
     3: Staphylococcus_aureus            79.63   78.41  100.00   75.16   75.16   78.09   77.14   76.53   76.80   76.99   76.80   76.80   77.83   78.16   77.01   77.85   77.28   77.08   77.65   76.12
     4: Bordetella_pertussis             76.48   76.45   75.16  100.00  100.00   81.70   81.62   81.00   81.56   81.75   81.56   81.62   81.76   81.56   81.40   81.74   81.90   81.97   83.53   82.77
     5: Uncultured_1                     76.48   76.87   75.16  100.00  100.00   81.70   82.03   81.23   81.75   81.95   81.76   81.83   81.76   81.56   81.40   81.74   82.10   82.16   83.84   82.92
     6: Proteus_vulgaris                 76.29   76.22   78.09   81.70   81.70  100.00   93.84   92.49   93.06   93.55   93.34   93.34   93.84   94.53   94.88   94.56   94.62   94.69   84.64   84.38
     7: Uncultured_2                     76.44   76.39   77.14   81.62   82.03   93.84  100.00   98.33   98.86   99.00   98.80   98.80   96.80   95.92   95.13   95.77   96.73   96.47   84.93   84.46
     8: Shigella_dysenteriae             75.94   76.13   76.53   81.00   81.23   92.49   98.33  100.00   98.79   98.82   98.88   98.88   96.25   95.64   94.92   95.39   96.59   96.33   84.35   83.91
     9: Shigella_boydii                  76.51   76.28   76.80   81.56   81.75   93.06   98.86   98.79  100.00   99.33   99.40   99.46   96.73   96.13   95.41   95.85   96.98   96.71   84.65   84.47
    10: Escherichia_coli                 76.42   76.46   76.99   81.75   81.95   93.55   99.00   98.82   99.33  100.00   99.80   99.80   96.73   96.76   95.96   96.45   97.44   97.17   85.05   84.58
    11: Shigella_flexneri                76.37   76.34   76.80   81.56   81.76   93.34   98.80   98.88   99.40   99.80  100.00   99.87   96.73   96.55   95.76   96.22   97.50   97.24   85.00   84.46
    12: Shigella_sonnei                  76.30   76.34   76.80   81.62   81.83   93.34   98.80   98.88   99.46   99.80   99.87  100.00   96.73   96.55   95.89   96.30   97.52   97.25   85.01   84.53
    13: Salmonella_enterica              76.51   76.26   77.83   81.76   81.76   93.84   96.80   96.25   96.73   96.73   96.73   96.73  100.00   96.84   95.96   96.83   97.82   97.48   84.52   84.59
    14: Enterobacter_asburiae            76.83   76.74   78.16   81.56   81.56   94.53   95.92   95.64   96.13   96.76   96.55   96.55   96.84  100.00   98.73   97.96   98.87   98.38   85.24   84.45
    15: Klebsiella_aerogenes             76.02   75.93   77.01   81.40   81.40   94.88   95.13   94.92   95.41   95.96   95.76   95.89   95.96   98.73  100.00   98.64   97.70   97.77   84.70   84.13
    16: Citrobacter_braakii              77.23   76.96   77.85   81.74   81.74   94.56   95.77   95.39   95.85   96.45   96.22   96.30   96.83   97.96   98.64  100.00   98.11   98.34   84.77   84.70
    17: Enterobacter_hormaechei          76.22   75.86   77.28   81.90   82.10   94.62   96.73   96.59   96.98   97.44   97.50   97.52   97.82   98.87   97.70   98.11  100.00   99.55   85.57   84.39
    18: Enterobacter_cloacae             76.22   75.72   77.08   81.97   82.16   94.69   96.47   96.33   96.71   97.17   97.24   97.25   97.48   98.38   97.77   98.34   99.55  100.00   85.18   84.05
    19: Pseudomonas_aeruginosa           76.64   76.26   77.65   83.53   83.84   84.64   84.93   84.35   84.65   85.05   85.00   85.01   84.52   85.24   84.70   84.77   85.57   85.18  100.00   87.74
    20: Acinetobacter_baumannii          77.08   76.87   76.12   82.77   82.92   84.38   84.46   83.91   84.47   84.58   84.46   84.53   84.59   84.45   84.13   84.70   84.39   84.05   87.74  100.00
